0.1,0.00038954
0.2,0.00055457
0.3,0.00039031
0.4,0.00046558
0.5,0.00048393
0.6,0.00061267
0.7,0.00045084
0.8,0.00046928
0.9,0.00052825
1,0.00052808
1.1,0.00042146
1.2,0.0004354
1.3,0.00049112
1.4,0.00047875
1.5,0.00050673
1.6,0.00051681
1.7,0.00051161
1.8,0.00054382
1.9,0.00052689
2,0.00047723
2.1,0.00048508
2.2,0.00047874
2.3,0.00044138
2.4,0.0005294
2.5,0.00044907
2.6,0.00052261
2.7,0.00040681
2.8,0.00043179
2.9,0.00054886
3,0.00048614
3.1,0.00046112
3.2,0.00045031
3.3,0.00043187
3.4,0.00049228
3.5,0.00041885
3.6,0.00053688
3.7,0.00050927
3.8,0.00056081
3.9,0.00050228
4,0.00042054
4.1,0.00057813
4.2,0.00043919
4.3,0.00044327
4.4,0.00045138
4.5,0.00049257
4.6,0.00066197
4.7,0.00054917
4.8,0.00051461
4.9,0.00055747
5,0.00064474
5.1,0.0005754
5.2,0.00045015
5.3,0.00050026
5.4,0.00065866
5.5,0.00063538
5.6,0.0004215
5.7,0.00046662
5.8,0.00060318
5.9,0.00070399
6,0.00056774
6.1,0.00037232
6.2,0.00047012
6.3,0.00064811
6.4,0.00050245
6.5,0.00054351
6.6,0.00039826
6.7,0.00046432
6.8,0.00035147
6.9,0.00053112
7,0.00055597
7.1,0.00068084
7.2,0.00044827
7.3,0.0003824
7.4,0.00043556
7.5,0.00091554
7.6,0.00073808
7.7,0.00045008
7.8,0.00063411
7.9,0.00084069
8,0.00079395
8.1,0.00081337
8.2,0.00050254
8.3,0.00095924
8.4,0.00096151
8.5,0.00062403
8.6,0.00060697
8.7,0.00098417
8.8,0.0012908
8.9,0.00075309
9,0.00086645
9.1,0.0014453
9.2,0.00092106
9.3,0.00039274
9.4,0.00088484
9.5,0.00050622
9.6,0.0012379
9.7,0.0011625
9.8,0.00025202
9.9,0.00060783
10,0.00090784
10.1,0.00075491
10.2,0.0011084
10.3,0.0018543
10.4,0.0011216
10.5,0.0003982
10.6,0.00057013
10.7,0.00061703
10.8,0.0012272
10.9,0.00048905
11,0.00080711
11.1,0.00013005
11.2,0.0014635
11.3,0.0007116
11.4,0.00089323
11.5,0.00067064
11.6,0.0012524
11.7,0.0011945
11.8,0.0013144
11.9,0.0017325
12,0.0016142
12.1,0.00093176
12.2,0.00053437
12.3,0.00045863
12.4,0.0010614
12.5,0.0021675
12.6,0.0011961
12.7,0.00010283
12.8,0.0015168
12.9,0.00063926
13,0.002432
13.1,0.00031177
13.2,0.0024341
13.3,0.00035873
13.4,0.0015156
13.5,0.0013252
13.6,0.002252
13.7,0.0025743
13.8,0.0013144
13.9,0.0021019
14,0.0042035
14.1,0.0012221
14.2,0.00082036
14.3,0.0020979
14.4,0.0050756
14.5,0.0018378
14.6,0.0027925
14.7,0.0032701
14.8,0.0026336
14.9,0.0014396
15,0.0038272
15.1,0.0017209
15.2,0.0011034
15.3,0.0056871
15.4,0.0056007
15.5,0.0016194
15.6,0.0040217
15.7,0.0031827
15.8,0.0038292
15.9,0.00040437
16,0.0032479
16.1,0.00095311
16.2,0.0043655
16.3,0.00077426
16.4,0.0030685
16.5,0.0044414
16.6,0.0011041
16.7,0.001574
16.8,0.0081202
16.9,0.0078986
17,0.002226
17.1,0.0061976
17.2,0.005841
17.3,0.0027053
17.4,0.0033858
17.5,0.0058165
17.6,0.0039802
17.7,0.0086391
17.8,0.0040779
17.9,0.0023891
18,0.005253
18.1,0.0047714
18.2,0.0032097
18.3,0.00061897
18.4,0.0082544
18.5,0.0089439
18.6,0.0037263
18.7,0.0078175
18.8,0.0019431
18.9,0.0072487
19,0.0064048
19.1,0.0028825
19.2,0.0059898
19.3,0.0027896
19.4,0.0074451
19.5,0.00018824
19.6,0.0039507
19.7,0.0049822
19.8,0.002731
19.9,0.0055384
20,0.0089397
20.1,0.005568
20.2,0.0052532
20.3,0.0085243
20.4,0.014674
20.5,0.0054516
20.6,0.0041009
20.7,0.0047256
20.8,0.0050288
20.9,0.0027917
21,0.0047149
21.1,0.0087155
21.2,0.010129
21.3,0.0069798
21.4,0.0023376
21.5,0.005924
21.6,0.0039298
21.7,0.0030553
21.8,0.017165
21.9,0.00020612
22,0.00519
22.1,0.0088082
22.2,0.0084367
22.3,0.0041577
22.4,0.013954
22.5,0.0085947
22.6,0.0071556
22.7,0.014442
22.8,0.019144
22.9,0.0058078
23,0.0077617
23.1,0.017761
23.2,0.0051192
23.3,0.011415
23.4,0.01143
23.5,0.013746
23.6,0.019357
23.7,0.011922
23.8,0.010874
23.9,0.01242
24,0.0274
24.1,0.010137
24.2,0.029721
24.3,0.022855
24.4,0.025999
24.5,0.026271
24.6,0.024531
24.7,0.003975
24.8,0.01431
24.9,0.010881
25,0.03183
25.1,0.026447
25.2,0.0053918
25.3,0.024772
25.4,0.02545
25.5,0.027557
25.6,0.0246
25.7,0.0063521
25.8,0.017176
25.9,0.019579
26,0.014268
26.1,0.015077
26.2,0.044645
26.3,0.01534
26.4,0.034749
26.5,0.0064225
26.6,0.0057245
26.7,0.041295
26.8,0.0216
26.9,0.024126
27,0.015434
27.1,0.028684
27.2,0.027067
27.3,0.019857
27.4,0.011497
27.5,0.012026
27.6,0.02976
27.7,0.0066336
27.8,0.024659
27.9,0.0053726
28,0.036612
28.1,0.018949
28.2,0.010493
28.3,0.045165
28.4,0.031202
28.5,0.038019
28.6,0.032019
28.7,0.038466
28.8,0.01567
28.9,0.0089966
29,0.025436
29.1,0.018751
29.2,0.012452
29.3,0.04276
29.4,0.010247
29.5,0.015964
29.6,0.040257
29.7,0.021698
29.8,0.026835
29.9,0.053168
30,0.051413
30.1,0.021333
30.2,0.010991
30.3,0.046592
30.4,0.0079
30.5,0.01049
30.6,0.0082991
30.7,0.027273
30.8,0.038637
30.9,0.045056
31,0.052106
31.1,0.049338
31.2,0.011841
31.3,0.028934
31.4,0.023437
31.5,0.046895
31.6,0.025965
31.7,0.042105
31.8,0.029223
31.9,0.019231
32,0.02594
32.1,0.045295
32.2,0.01227
32.3,0.065605
32.4,0.037866
32.5,0.10196
32.6,0.027529
32.7,0.025137
32.8,0.061202
32.9,0.044502
33,0.0091613
33.1,0.018879
33.2,0.0047798
33.3,0.04105
33.4,0.043949
33.5,0.042848
33.6,0.019848
33.7,0.059687
33.8,0.044488
33.9,0.05107
34,0.051302
34.1,0.034295
34.2,0.109
34.3,0.058076
34.4,0.044461
34.5,0.093305
34.6,0.043076
34.7,0.02987
34.8,0.024848
34.9,0.063443
35,0.053413
35.1,0.12984
35.2,0.093577
35.3,0.04567
35.4,0.013326
35.5,0.026211
35.6,0.09008
35.7,0.03671
35.8,0.0065601
35.9,0.05805
36,0.084797
36.1,0.072236
36.2,0.097705
36.3,0.041443
36.4,0.062548
36.5,0.03203
36.6,0.087278
36.7,0.0308
36.8,0.025127
36.9,0.039677
37,0.067571
37.1,0.027204
37.2,0.070458
37.3,0.02444
37.4,0.031319
37.5,0.072401
37.6,0.046045
37.7,0.11124
37.8,0.032384
37.9,0.058345
38,0.025548
38.1,0.076925
38.2,0.06164
38.3,0.01701
38.4,0.096679
38.5,0.035323
38.6,0.03169
38.7,0.11272
38.8,0.031656
38.9,0.045289
39,0.085979
39.1,0.059952
39.2,0.09456
39.3,0.033616
39.4,0.065466
39.5,0.11341
39.6,0.049903
39.7,0.058896
39.8,0.039661
39.9,0.12339
40,0.062769
40.1,0.059952
40.2,0.055963
40.3,0.05672
40.4,0.040817
40.5,0.11268
40.6,0.040956
40.7,0.081588
40.8,0.050509
40.9,0.11035
41,0.00916
41.1,0.10168
41.2,0.053008
41.3,0.10226
41.4,0.095117
41.5,0.13841
41.6,0.15393
41.7,0.081309
41.8,0.087607
41.9,0.24266
42,0.16789
42.1,0.1255
42.2,0.017308
42.3,0.11962
42.4,0.149
42.5,0.1803
42.6,0.12976
42.7,0.11573
42.8,0.15701
42.9,0.1515
43,0.017817
43.1,0.048049
43.2,0.091216
43.3,0.085996
43.4,0.034889
43.5,0.039494
43.6,0.2087
43.7,0.08235
43.8,0.10689
43.9,0.05258
44,0.09591
44.1,0.20952
44.2,0.058226
44.3,0.1526
44.4,0.10125
44.5,0.17231
44.6,0.11101
44.7,0.1498
44.8,0.20827
44.9,0.14651
45,0.17129
45.1,0.095766
45.2,0.066506
45.3,0.10466
45.4,0.071892
45.5,0.20676
45.6,0.11362
45.7,0.11153
45.8,0.090215
45.9,0.058635
46,0.14045
46.1,0.16689
46.2,0.19706
46.3,0.08089
46.4,0.062859
46.5,0.075264
46.6,0.067494
46.7,0.066744
46.8,0.068828
46.9,0.16866
47,0.12379
47.1,0.085288
47.2,0.1157
47.3,0.048206
47.4,0.1832
47.5,0.10027
47.6,0.071242
47.7,0.13792
47.8,0.045896
47.9,0.12786
48,0.074775
48.1,0.060297
48.2,0.10106
48.3,0.12715
48.4,0.10473
48.5,0.17769
48.6,0.10052
48.7,0.22109
48.8,0.20796
48.9,0.15898
49,0.15658
49.1,0.15177
49.2,0.070572
49.3,0.15885
49.4,0.17932
49.5,0.15701
49.6,0.1834
49.7,0.050437
49.8,0.095984
49.9,0.098038
50,0.074552
50.1,0.071354
50.2,0.14141
50.3,0.24504
50.4,0.1999
50.5,0.26521
50.6,0.049819
50.7,0.156
50.8,0.15009
50.9,0.20156
51,0.24284
51.1,0.27717
51.2,0.11115
51.3,0.18949
51.4,0.16824
51.5,0.26237
51.6,0.09042
51.7,0.26333
51.8,0.13113
51.9,0.08783
52,0.038038
52.1,0.21207
52.2,0.19112
52.3,0.18249
52.4,0.018831
52.5,0.064747
52.6,0.032276
52.7,0.10085
52.8,0.26703
52.9,0.10947
53,0.12515
53.1,0.12287
53.2,0.097751
53.3,0.16093
53.4,0.20709
53.5,0.10726
53.6,0.080195
53.7,0.26188
53.8,0.24775
53.9,0.15125
54,0.20692
54.1,0.23197
54.2,0.2343
54.3,0.02691
54.4,0.12114
54.5,0.18301
54.6,0.1361
54.7,0.19005
54.8,0.055834
54.9,0.33885
55,0.048875
55.1,0.039292
55.2,0.095111
55.3,0.13543
55.4,0.059254
55.5,0.15351
55.6,0.291
55.7,0.31914
55.8,0.085621
55.9,0.15398
56,0.11456
56.1,0.23717
56.2,0.24884
56.3,0.11898
56.4,0.051784
56.5,0.37528
56.6,0.20337
56.7,0.35738
56.8,0.053836
56.9,0.058464
57,0.32623
57.1,0.12257
57.2,0.30997
57.3,0.20841
57.4,0.25
57.5,0.26349
57.6,0.079738
57.7,0.13233
57.8,0.33316
57.9,0.27392
58,0.1733
58.1,0.17649
58.2,0.10635
58.3,0.15724
58.4,0.25898
58.5,0.14848
58.6,0.4499
58.7,0.25982
58.8,0.46429
58.9,0.20123
59,0.38329
59.1,0.28905
59.2,0.088185
59.3,0.042487
59.4,0.068754
59.5,0.15426
59.6,0.033358
59.7,0.28968
59.8,0.092485
59.9,0.3615
60,0.28444
60.1,0.17832
60.2,0.22627
60.3,0.076561
60.4,0.071232
60.5,0.18563
60.6,0.1521
60.7,0.14113
60.8,0.12946
60.9,0.054847
61,0.26574
61.1,0.090529
61.2,0.069767
61.3,0.18043
61.4,0.10104
61.5,0.06638
61.6,0.20979
61.7,0.08882
61.8,0.032403
61.9,0.4527
62,0.25755
62.1,0.25536
62.2,0.13041
62.3,0.23117
62.4,0.093359
62.5,0.17953
62.6,0.16848
62.7,0.1295
62.8,0.2746
62.9,0.041843
63,0.14427
63.1,0.099256
63.2,0.28088
63.3,0.28098
63.4,0.24419
63.5,0.058798
63.6,0.18221
63.7,0.088824
63.8,0.28358
63.9,0.33472
64,0.052655
64.1,0.15645
64.2,0.15247
64.3,0.14797
64.4,0.2719
64.5,0.040527
64.6,0.31251
64.7,0.28832
64.8,0.041681
64.9,0.22655
65,0.18078
65.1,0.15503
65.2,0.14036
65.3,0.08786
65.4,0.28962
65.5,0.12547
65.6,0.087192
65.7,0.081121
65.8,0.17113
65.9,0.20067
66,0.26675
66.1,0.11713
66.2,0.087031
66.3,0.24427
66.4,0.14061
66.5,0.22353
66.6,0.19041
66.7,0.12024
66.8,0.038202
66.9,0.21614
67,0.19232
67.1,0.059227
67.2,0.15935
67.3,0.13355
67.4,0.11359
67.5,0.13718
67.6,0.041069
67.7,0.10328
67.8,0.059967
67.9,0.018256
68,0.24698
68.1,0.18167
68.2,0.12964
68.3,0.27441
68.4,0.12812
68.5,0.14234
68.6,0.17913
68.7,0.2202
68.8,0.15298
68.9,0.16275
69,0.12127
69.1,0.024701
69.2,0.21841
69.3,0.053786
69.4,0.15911
69.5,0.15265
69.6,0.23544
69.7,0.14815
69.8,0.030811
69.9,0.2341
70,0.28372
70.1,0.11677
70.2,0.20467
70.3,0.19425
70.4,0.30812
70.5,0.16159
70.6,0.11051
70.7,0.15932
70.8,0.054681
70.9,0.29012
71,0.12509
71.1,0.16379
71.2,0.11474
71.3,0.26817
71.4,0.33751
71.5,0.22434
71.6,0.14652
71.7,0.026087
71.8,0.12982
71.9,0.10097
72,0.19617
72.1,0.07583
72.2,0.084124
72.3,0.11552
72.4,0.13293
72.5,0.064838
72.6,0.06076
72.7,0.11506
72.8,0.31521
72.9,0.028799
73,0.11046
73.1,0.066416
73.2,0.16442
73.3,0.060632
73.4,0.18283
73.5,0.13212
73.6,0.12
73.7,0.068432
73.8,0.058431
73.9,0.14755
74,0.22789
74.1,0.072919
74.2,0.22933
74.3,0.12107
74.4,0.11447
74.5,0.14415
74.6,0.18712
74.7,0.056867
74.8,0.084341
74.9,0.049282
75,0.22547
75.1,0.12905
75.2,0.19248
75.3,0.068344
75.4,0.16441
75.5,0.038547
75.6,0.10572
75.7,0.12316
75.8,0.11493
75.9,0.15916
76,0.15645
76.1,0.079466
76.2,0.096502
76.3,0.17055
76.4,0.15805
76.5,0.14658
76.6,0.02251
76.7,0.022844
76.8,0.061569
76.9,0.07574
77,0.16522
77.1,0.15304
77.2,0.089219
77.3,0.12041
77.4,0.1276
77.5,0.18438
77.6,0.016849
77.7,0.084151
77.8,0.09057
77.9,0.12724
78,0.027375
78.1,0.08973
78.2,0.088688
78.3,0.16271
78.4,0.24083
78.5,0.077956
78.6,0.037775
78.7,0.0501
78.8,0.11183
78.9,0.085237
79,0.13387
79.1,0.028523
79.2,0.019088
79.3,0.03337
79.4,0.15373
79.5,0.080844
79.6,0.091368
79.7,0.075835
79.8,0.075365
79.9,0.06074
80,0.15026
80.1,0.0082384
80.2,0.19248
80.3,0.12629
80.4,0.1239
80.5,0.088407
80.6,0.1887
80.7,0.014252
80.8,0.10596
80.9,0.10826
81,0.20098
81.1,0.15289
81.2,0.16288
81.3,0.09015
81.4,0.037335
81.5,0.21035
81.6,0.030453
81.7,0.1942
81.8,0.078747
81.9,0.25218
82,0.041725
82.1,0.13328
82.2,0.06334
82.3,0.10335
82.4,0.17096
82.5,0.14215
82.6,0.17282
82.7,0.15432
82.8,0.17687
82.9,0.27476
83,0.20181
83.1,0.25192
83.2,0.2298
83.3,0.33422
83.4,0.088267
83.5,0.14661
83.6,0.11222
83.7,0.17231
83.8,0.059563
83.9,0.03447
84,0.164
84.1,0.42596
84.2,0.23951
84.3,0.27868
84.4,0.30708
84.5,0.18727
84.6,0.11409
84.7,0.10749
84.8,0.15716
84.9,0.19446
85,0.21426
85.1,0.19857
85.2,0.15217
85.3,0.12325
85.4,0.18995
85.5,0.2663
85.6,0.37418
85.7,0.53538
85.8,0.32336
85.9,0.29385
86,0.42874
86.1,0.43065
86.2,0.21118
86.3,0.24265
86.4,0.23567
86.5,0.10775
86.6,0.12333
86.7,0.17586
86.8,0.25109
86.9,0.25224
87,0.32734
87.1,0.21602
87.2,0.28727
87.3,0.12764
87.4,0.45906
87.5,0.38602
87.6,0.2731
87.7,0.36641
87.8,0.47495
87.9,0.30621
88,0.21462
88.1,0.22631
88.2,0.22313
88.3,0.24064
88.4,0.24718
88.5,0.21567
88.6,0.21209
88.7,0.53261
88.8,0.25192
88.9,0.32408
89,0.40755
89.1,0.62126
89.2,0.50417
89.3,0.28826
89.4,0.40414
89.5,0.16191
89.6,0.28837
89.7,0.18915
89.8,0.051684
89.9,0.3338
90,0.36243
90.1,0.44496
90.2,0.4531
90.3,0.39763
90.4,0.2808
90.5,0.26327
90.6,0.28833
90.7,0.53779
90.8,0.75962
90.9,0.48839
91,0.32305
91.1,0.2607
91.2,0.41222
91.3,0.27343
91.4,0.49925
91.5,0.44258
91.6,0.54806
91.7,0.34303
91.8,0.41611
91.9,0.1582
92,0.35124
92.1,0.34653
92.2,0.25058
92.3,0.10894
92.4,0.35549
92.5,0.5499
92.6,0.31255
92.7,0.31394
92.8,0.42561
92.9,0.25521
93,0.43806
93.1,0.65168
93.2,0.46593
93.3,0.63264
93.4,0.54646
93.5,0.50737
93.6,0.57734
93.7,0.42471
93.8,0.59349
93.9,0.37622
94,0.34453
94.1,0.52742
94.2,0.47648
94.3,0.37771
94.4,0.40243
94.5,0.32111
94.6,0.6587
94.7,0.43109
94.8,0.28085
94.9,0.32837
95,0.55596
95.1,0.32274
95.2,0.27301
95.3,0.13608
95.4,0.20752
95.5,0.17063
95.6,0.22748
95.7,0.14119
95.8,0.10986
95.9,0.038778
96,0.061842
96.1,0.16108
96.2,0.23756
96.3,0.040556
96.4,0.037561
96.5,0.28671
96.6,0.28041
96.7,0.16146
96.8,0.20852
96.9,0.28246
97,0.25502
97.1,0.12982
97.2,0.11318
97.3,0.093412
97.4,0.13768
97.5,0.26487
97.6,0.30076
97.7,0.31004
97.8,0.23053
97.9,0.51046
98,0.51316
98.1,0.39729
98.2,0.3034
98.3,0.13134
98.4,0.13876
98.5,0.3716
98.6,0.26275
98.7,0.38135
98.8,0.63983
98.9,0.57128
99,0.5433
99.1,0.63206
99.2,0.72102
99.3,0.58385
99.4,0.54252
99.5,0.66223
99.6,0.7003
99.7,0.66274
99.8,0.38052
99.9,0.37619
100,0.21888
100.1,0.37049
100.2,0.51304
100.3,0.60407
100.4,0.70752
100.5,0.43515
100.6,0.36614
100.7,0.447
100.8,0.37327
100.9,0.57357
101,0.55542
101.1,0.54031
101.2,0.43822
101.3,0.44153
101.4,0.65036
101.5,0.21981
101.6,0.067836
101.7,0.14466
101.8,0.17532
101.9,0.54433
102,0.40723
102.1,0.32494
102.2,0.35399
102.3,0.28911
102.4,0.30752
102.5,0.23169
102.6,0.2817
102.7,0.2965
102.8,0.09583
102.9,0.10257
103,0.23902
103.1,0.08564
103.2,0.05639
103.3,0.22081
103.4,0.02631
103.5,0.14732
103.6,0.38396
103.7,0.46129
103.8,0.48153
103.9,0.26326
104,0.072412
104.1,0.2008
104.2,0.17059
104.3,0.47201
104.4,0.4346
104.5,0.50046
104.6,0.44035
104.7,0.25841
104.8,0.18943
104.9,0.10185
105,0.11003
105.1,0.404
105.2,0.25689
105.3,0.2738
105.4,0.22173
105.5,0.028187
105.6,0.10334
105.7,0.074795
105.8,0.17209
105.9,0.14186
106,0.19585
106.1,0.064171
106.2,0.10302
106.3,0.071534
106.4,0.19215
106.5,0.45603
106.6,0.4169
106.7,0.49723
106.8,0.32529
106.9,0.33803
107,0.22947
107.1,0.36305
107.2,0.45874
107.3,0.34606
107.4,0.3404
107.5,0.057607
107.6,0.17925
107.7,0.32803
107.8,0.32396
107.9,0.42393
108,0.71441
108.1,0.79515
108.2,0.96871
108.3,0.73279
108.4,0.75705
108.5,0.48145
108.6,0.42475
108.7,0.33287
108.8,0.45129
108.9,0.41072
109,0.39256
109.1,0.6446
109.2,0.78666
109.3,0.82397
109.4,0.69388
109.5,0.44402
109.6,0.44043
109.7,0.46487
109.8,0.50792
109.9,0.33946
110,0.29711
110.1,0.13767
110.2,0.16894
110.3,0.20433
110.4,0.20904
110.5,0.1242
110.6,0.13302
110.7,0.19372
110.8,0.21647
110.9,0.18175
111,0.31766
111.1,0.1955
111.2,0.32843
111.3,0.44039
111.4,0.71454
111.5,0.67892
111.6,0.79902
111.7,0.80046
111.8,0.86411
111.9,0.84504
112,1
112.1,0.99717
112.2,0.78482
112.3,0.86976
112.4,0.93077
112.5,0.82449
112.6,0.81333
112.7,0.70118
112.8,0.5718
112.9,0.46674
113,0.72058
113.1,0.48481
113.2,0.63978
113.3,0.40188
113.4,0.56996
113.5,0.65694
113.6,0.36419
113.7,0.76844
113.8,0.41825
113.9,0.71708
114,0.53695
114.1,0.4947
114.2,0.54992
114.3,0.25567
114.4,0.44363
114.5,0.23575
114.6,0.56653
114.7,0.26367
114.8,0.2701
114.9,0.24131
115,0.25711
115.1,0.27349
115.2,0.3329
115.3,0.28719
115.4,0.40259
115.5,0.21589
115.6,0.3211
115.7,0.34441
115.8,0.37025
115.9,0.49687
116,0.34687
116.1,0.12735
116.2,0.35241
116.3,0.21205
116.4,0.37417
116.5,0.39208
116.6,0.21617
116.7,0.31242
116.8,0.34418
116.9,0.28632
117,0.35967
117.1,0.37281
117.2,0.17142
117.3,0.13268
117.4,0.12233
117.5,0.21502
117.6,0.11557
117.7,0.18932
117.8,0.18784
117.9,0.15266
118,0.094832
118.1,0.10389
118.2,0.20918
118.3,0.062512
118.4,0.092508
118.5,0.16374
118.6,0.073808
118.7,0.11068
118.8,0.088904
118.9,0.016156
119,0.1376
119.1,0.11983
119.2,0.042304
119.3,0.15133
119.4,0.16093
119.5,0.11502
119.6,0.11614
119.7,0.065564
119.8,0.2418
119.9,0.020659
120,0.31588
120.1,0.21517
120.2,0.40874
120.3,0.11462
120.4,0.081555
120.5,0.089333
120.6,0.21761
120.7,0.18614
120.8,0.21312
120.9,0.19735
121,0.21565
121.1,0.28065
121.2,0.13937
121.3,0.12208
121.4,0.12367
121.5,0.099021
121.6,0.13266
121.7,0.12057
121.8,0.090536
121.9,0.12513
122,0.12954
122.1,0.075632
122.2,0.16751
122.3,0.096412
122.4,0.076433
122.5,0.08927
122.6,0.037267
122.7,0.072388
122.8,0.12174
122.9,0.052367
123,0.093489
123.1,0.092068
123.2,0.024028
123.3,0.041638
123.4,0.023951
123.5,0.078825
123.6,0.087845
123.7,0.16065
123.8,0.13022
123.9,0.18464
124,0.047116
124.1,0.043163
124.2,0.17987
124.3,0.064228
124.4,0.096175
124.5,0.15039
124.6,0.079365
124.7,0.20282
124.8,0.07627
124.9,0.1287
125,0.098485
125.1,0.15371
125.2,0.035654
125.3,0.24217
125.4,0.20068
125.5,0.12416
125.6,0.057874
125.7,0.071786
125.8,0.14178
125.9,0.04322
126,0.11645
126.1,0.11544
126.2,0.21436
126.3,0.13596
126.4,0.10308
126.5,0.009234
126.6,0.076687
126.7,0.074177
126.8,0.24795
126.9,0.064673
127,0.086122
127.1,0.048902
127.2,0.0072135
127.3,0.081226
127.4,0.1903
127.5,0.039506
127.6,0.11441
127.7,0.15477
127.8,0.058258
127.9,0.09793
128,0.047959
128.1,0.13274
128.2,0.061732
128.3,0.12166
128.4,0.1152
128.5,0.11994
128.6,0.040208
128.7,0.076604
128.8,0.15609
128.9,0.13897
129,0.12895
129.1,0.038477
129.2,0.027249
129.3,0.058701
129.4,0.040792
129.5,0.024922
129.6,0.048885
129.7,0.076165
129.8,0.093512
129.9,0.035872
130,0.015705
130.1,0.14571
130.2,0.17875
130.3,0.072533
130.4,0.1754
130.5,0.099184
130.6,0.14534
130.7,0.092726
130.8,0.050721
130.9,0.11217
131,0.019537
131.1,0.070279
131.2,0.033872
131.3,0.019236
131.4,0.11084
131.5,0.099444
131.6,0.077307
131.7,0.031868
131.8,0.047375
131.9,0.092413
132,0.098478
132.1,0.049802
132.2,0.133
132.3,0.16929
132.4,0.051884
132.5,0.12653
132.6,0.02143
132.7,0.069272
132.8,0.079481
132.9,0.09
133,0.034803
133.1,0.1032
133.2,0.12802
133.3,0.050847
133.4,0.061136
133.5,0.086755
133.6,0.11866
133.7,0.10685
133.8,0.050021
133.9,0.12141
134,0.050807
134.1,0.1761
134.2,0.11774
134.3,0.10746
134.4,0.11364
134.5,0.16852
134.6,0.15142
134.7,0.11122
134.8,0.019033
134.9,0.050784
135,0.095586
135.1,0.20972
135.2,0.11451
135.3,0.035315
135.4,0.15713
135.5,0.079937
135.6,0.12592
135.7,0.084441
135.8,0.04957
135.9,0.054431
136,0.033945
136.1,0.20551
136.2,0.15612
136.3,0.070541
136.4,0.074783
136.5,0.019559
136.6,0.035941
136.7,0.019894
136.8,0.11631
136.9,0.15266
137,0.12632
137.1,0.12308
137.2,0.059603
137.3,0.094388
137.4,0.14903
137.5,0.11466
137.6,0.095018
137.7,0.084081
137.8,0.086557
137.9,0.070817
138,0.06985
138.1,0.11032
138.2,0.16602
138.3,0.030984
138.4,0.043945
138.5,0.12494
138.6,0.066149
138.7,0.093226
138.8,0.034618
138.9,0.041496
139,0.03983
139.1,0.089657
139.2,0.13796
139.3,0.035432
139.4,0.17565
139.5,0.14121
139.6,0.050023
139.7,0.10897
139.8,0.071719
139.9,0.074178
140,0.054388
140.1,0.12771
140.2,0.2102
140.3,0.065322
140.4,0.034868
140.5,0.065244
140.6,0.10678
140.7,0.11123
140.8,0.065065
140.9,0.11107
141,0.23251
141.1,0.13933
141.2,0.23605
141.3,0.066424
141.4,0.12875
141.5,0.056595
141.6,0.12975
141.7,0.12983
141.8,0.069811
141.9,0.11373
142,0.18279
142.1,0.082692
142.2,0.14004
142.3,0.08546
142.4,0.043294
142.5,0.15514
142.6,0.085875
142.7,0.15839
142.8,0.074774
142.9,0.047585
143,0.10627
143.1,0.046018
143.2,0.083045
143.3,0.17672
143.4,0.17056
143.5,0.19699
143.6,0.084163
143.7,0.15981
143.8,0.18154
143.9,0.085025
144,0.077282
144.1,0.059282
144.2,0.085404
144.3,0.068035
144.4,0.067097
144.5,0.10781
144.6,0.078587
144.7,0.069249
144.8,0.059017
144.9,0.17362
145,0.18933
145.1,0.072628
145.2,0.064723
145.3,0.079905
145.4,0.17793
145.5,0.065899
145.6,0.027889
145.7,0.085001
145.8,0.15016
145.9,0.15667
146,0.10731
146.1,0.073884
146.2,0.014957
146.3,0.14257
146.4,0.14788
146.5,0.16002
146.6,0.04547
146.7,0.12037
146.8,0.15173
146.9,0.055251
147,0.13506
147.1,0.10807
147.2,0.058858
147.3,0.048332
147.4,0.1396
147.5,0.14458
147.6,0.18621
147.7,0.22971
147.8,0.075571
147.9,0.16986
148,0.082775
148.1,0.030741
148.2,0.051174
148.3,0.093744
148.4,0.10169
148.5,0.015361
148.6,0.14873
148.7,0.039235
148.8,0.34033
148.9,0.14496
149,0.10682
149.1,0.039399
149.2,0.086646
149.3,0.15599
149.4,0.088492
149.5,0.092449
149.6,0.027115
149.7,0.1226
149.8,0.23322
149.9,0.096772
150,0.056173
150.1,0.03072
150.2,0.27083
150.3,0.17245
150.4,0.093872
150.5,0.057503
150.6,0.069117
150.7,0.16127
150.8,0.037337
150.9,0.046789
151,0.077493
151.1,0.051143
151.2,0.037635
151.3,0.10925
151.4,0.021318
151.5,0.029823
151.6,0.12698
151.7,0.14148
151.8,0.049083
151.9,0.075906
152,0.11835
152.1,0.1025
152.2,0.12544
152.3,0.13521
152.4,0.12944
152.5,0.03855
152.6,0.10592
152.7,0.057294
152.8,0.029699
152.9,0.15619
153,0.17308
153.1,0.087294
153.2,0.068279
153.3,0.13293
153.4,0.058479
153.5,0.21427
153.6,0.24604
153.7,0.22943
153.8,0.12626
153.9,0.13657
154,0.2206
154.1,0.30929
154.2,0.17487
154.3,0.19784
154.4,0.36268
154.5,0.26546
154.6,0.13951
154.7,0.094325
154.8,0.11496
154.9,0.076115
155,0.16635
155.1,0.10899
155.2,0.064752
155.3,0.091913
155.4,0.065239
155.5,0.027038
155.6,0.13922
155.7,0.10182
155.8,0.088453
155.9,0.12644
156,0.1536
156.1,0.21634
156.2,0.052263
156.3,0.14353
156.4,0.14213
156.5,0.10688
156.6,0.068555
156.7,0.082665
156.8,0.065818
156.9,0.030325
157,0.049221
157.1,0.083238
157.2,0.074301
157.3,0.10032
157.4,0.16609
157.5,0.069891
157.6,0.070946
157.7,0.09404
157.8,0.10746
157.9,0.13708
158,0.17865
158.1,0.034605
158.2,0.072724
158.3,0.095704
158.4,0.095051
158.5,0.076635
158.6,0.04293
158.7,0.051918
158.8,0.19925
158.9,0.14191
159,0.052094
159.1,0.078485
159.2,0.11111
159.3,0.046499
159.4,0.042128
159.5,0.10671
159.6,0.061151
159.7,0.081564
159.8,0.10732
159.9,0.11654
160,0.11081
160.1,0.14327
160.2,0.14424
160.3,0.033195
160.4,0.17818
160.5,0.12134
160.6,0.083772
160.7,0.133
160.8,0.14208
160.9,0.10051
161,0.22476
161.1,0.24777
161.2,0.095777
161.3,0.074444
161.4,0.15745
161.5,0.20412
161.6,0.053448
161.7,0.14251
161.8,0.11748
161.9,0.068996
162,0.090264
162.1,0.12208
162.2,0.15949
162.3,0.11176
162.4,0.11221
162.5,0.1801
162.6,0.2006
162.7,0.05646
162.8,0.10536
162.9,0.24997
163,0.15558
163.1,0.23028
163.2,0.17373
163.3,0.037596
163.4,0.10052
163.5,0.10801
163.6,0.088656
163.7,0.18963
163.8,0.12904
163.9,0.14921
164,0.20246
164.1,0.28182
164.2,0.12708
164.3,0.17896
164.4,0.25068
164.5,0.44091
164.6,0.45209
164.7,0.21976
164.8,0.30464
164.9,0.25425
165,0.32116
165.1,0.62457
165.2,0.60064
165.3,0.72024
165.4,0.34294
165.5,0.46814
165.6,0.33536
165.7,0.43841
165.8,0.73169
165.9,0.56343
166,0.57726
166.1,0.83111
166.2,0.84055
166.3,0.95612
166.4,0.66956
166.5,0.85833
166.6,0.59403
166.7,0.47653
166.8,0.50045
166.9,0.34772
167,0.33921
167.1,0.41111
167.2,0.28164
167.3,0.43216
167.4,0.2882
167.5,0.18157
167.6,0.11526
167.7,0.28287
167.8,0.051929
167.9,0.17388
168,0.3665
168.1,0.57748
168.2,0.58983
168.3,0.62373
168.4,0.614
168.5,0.46071
168.6,0.56719
168.7,0.47007
168.8,0.28182
168.9,0.42372
169,0.29571
169.1,0.37968
169.2,0.54653
169.3,0.67713
169.4,0.57276
169.5,0.62519
169.6,0.60809
169.7,0.41354
169.8,0.32754
169.9,0.13634
170,0.17516
170.1,0.35907
170.2,0.13931
170.3,0.028454
170.4,0.15963
170.5,0.21701
170.6,0.37851
170.7,0.29878
170.8,0.15777
170.9,0.22876
171,0.2705
171.1,0.17873
171.2,0.080766
171.3,0.23089
171.4,0.095806
171.5,0.13938
171.6,0.058049
171.7,0.22764
171.8,0.1126
171.9,0.14915
172,0.15333
172.1,0.29721
172.2,0.18901
172.3,0.31882
172.4,0.39234
172.5,0.29751
172.6,0.11965
172.7,0.31778
172.8,0.26719
172.9,0.22707
173,0.42139
173.1,0.12633
173.2,0.26184
173.3,0.097263
173.4,0.19753
173.5,0.091233
173.6,0.19069
173.7,0.25115
173.8,0.33128
173.9,0.15989
174,0.090571
174.1,0.12583
174.2,0.26355
174.3,0.2167
174.4,0.093597
174.5,0.051537
174.6,0.043673
174.7,0.15862
174.8,0.10539
174.9,0.17742
175,0.10309
175.1,0.033866
175.2,0.27448
175.3,0.17987
175.4,0.14644
175.5,0.16952
175.6,0.3133
175.7,0.3082
175.8,0.075075
175.9,0.059829
176,0.12626
176.1,0.1338
176.2,0.18842
176.3,0.24665
176.4,0.42142
176.5,0.4383
176.6,0.23378
176.7,0.25108
176.8,0.27823
176.9,0.28027
177,0.10637
177.1,0.24622
177.2,0.37224
177.3,0.14789
177.4,0.13303
177.5,0.26013
177.6,0.26079
177.7,0.22338
177.8,0.18807
177.9,0.05599
178,0.15295
178.1,0.10396
178.2,0.25021
178.3,0.098699
178.4,0.13779
178.5,0.21342
178.6,0.1358
178.7,0.085192
178.8,0.043016
178.9,0.1376
179,0.27778
179.1,0.22412
179.2,0.1139
179.3,0.13607
179.4,0.12837
179.5,0.061569
179.6,0.027626
179.7,0.23591
179.8,0.27937
179.9,0.44748
180,0.32928
180.1,0.10986
180.2,0.4371
180.3,0.41435
180.4,0.26045
180.5,0.42418
180.6,0.35836
180.7,0.1702
180.8,0.48461
180.9,0.53925
181,0.40928
181.1,0.30239
181.2,0.30954
181.3,0.13722
181.4,0.18108
181.5,0.33227
181.6,0.18835
181.7,0.37648
181.8,0.22599
181.9,0.12832
182,0.29849
182.1,0.096975
182.2,0.25667
182.3,0.10291
182.4,0.13421
182.5,0.20585
182.6,0.17699
182.7,0.32879
182.8,0.33188
182.9,0.26694
183,0.25798
183.1,0.13815
183.2,0.3462
183.3,0.27579
183.4,0.073917
183.5,0.038612
183.6,0.31231
183.7,0.54952
183.8,0.22876
183.9,0.16819
184,0.10956
184.1,0.22681
184.2,0.4127
184.3,0.19527
184.4,0.15439
184.5,0.20046
184.6,0.15208
184.7,0.13089
184.8,0.12943
184.9,0.1203
185,0.011216
185.1,0.09191
185.2,0.20961
185.3,0.07323
185.4,0.082014
185.5,0.065511
185.6,0.12487
185.7,0.26291
185.8,0.18641
185.9,0.20092
186,0.27015
186.1,0.14298
186.2,0.35125
186.3,0.22032
186.4,0.036835
186.5,0.19394
186.6,0.41169
186.7,0.26354
186.8,0.20782
186.9,0.27211
187,0.423
187.1,0.25002
187.2,0.32533
187.3,0.14519
187.4,0.28076
187.5,0.056392
187.6,0.32852
187.7,0.3361
187.8,0.23223
187.9,0.27559
188,0.24514
188.1,0.27902
188.2,0.31497
188.3,0.031148
188.4,0.24109
188.5,0.093663
188.6,0.10487
188.7,0.37046
188.8,0.1626
188.9,0.2916
189,0.408
189.1,0.43788
189.2,0.096079
189.3,0.34699
189.4,0.21922
189.5,0.2322
189.6,0.16165
189.7,0.55424
189.8,0.38321
189.9,0.36894
190,0.14912
190.1,0.47223
190.2,0.23349
190.3,0.068753
190.4,0.20493
190.5,0.13358
190.6,0.093764
190.7,0.060689
190.8,0.28699
190.9,0.30013
191,0.3354
191.1,0.33537
191.2,0.35087
191.3,0.14192
191.4,0.15335
191.5,0.30471
191.6,0.20647
191.7,0.23013
191.8,0.16097
191.9,0.072297
192,0.32571
192.1,0.30395
192.2,0.056188
192.3,0.075601
192.4,0.078861
192.5,0.13905
192.6,0.20055
192.7,0.25904
192.8,0.15321
192.9,0.19532
193,0.13766
193.1,0.24782
193.2,0.19962
193.3,0.061131
193.4,0.17949
193.5,0.1895
193.6,0.092528
193.7,0.2257
193.8,0.030851
193.9,0.1533
194,0.082698
194.1,0.10447
194.2,0.12436
194.3,0.14769
194.4,0.080844
194.5,0.11751
194.6,0.25761
194.7,0.14935
194.8,0.3722
194.9,0.56422
195,0.23144
195.1,0.41965
195.2,0.37931
195.3,0.33492
195.4,0.32101
195.5,0.30478
195.6,0.07246
195.7,0.10244
195.8,0.21264
195.9,0.12153
196,0.14046
196.1,0.2705
196.2,0.28662
196.3,0.2104
196.4,0.1651
196.5,0.14334
196.6,0.34248
196.7,0.26784
196.8,0.33864
196.9,0.39652
197,0.1934
197.1,0.11654
197.2,0.19869
197.3,0.20155
197.4,0.34243
197.5,0.52797
197.6,0.41055
197.7,0.050294
197.8,0.066709
197.9,0.31172
198,0.29275
198.1,0.28042
198.2,0.17983
198.3,0.24873
198.4,0.40067
198.5,0.32044
198.6,0.19297
198.7,0.22625
198.8,0.21205
198.9,0.25903
199,0.19949
199.1,0.4717
199.2,0.29307
199.3,0.38404
199.4,0.54735
199.5,0.64757
199.6,0.5822
199.7,0.36
199.8,0.24274
199.9,0.38467
200,0.39837
